Chain
	Aln	0	+SRR11577126.5637 47 16425 16428 +edge_1_0_+disjointig_1_0_38795 22329 38793 38795 -1 -1 13688 0.0345735
Chain
	Aln	1	-SRR11577126.5637 2 16380 16428 -edge_1_0_+disjointig_1_0_38795 1 16465 38795 -1 -1 13688 0.0345735
Chain
	Aln	1	+SRR11577123.4776 53 12312 12335 -edge_1_0_+disjointig_1_0_38795 10328 22521 38795 -1 -1 10415 0.0348839
Chain
	Aln	0	-SRR11577123.4776 22 12281 12335 +edge_1_0_+disjointig_1_0_38795 16273 28466 38795 -1 -1 10415 0.0348839
Chain
	Aln	1	+SRR11577129.3806 0 12314 12330 -edge_1_0_+disjointig_1_0_38795 9643 21777 38795 -1 -1 10189 0.0346197
Chain
	Aln	0	-SRR11577129.3806 15 12329 12330 +edge_1_0_+disjointig_1_0_38795 17017 29151 38795 -1 -1 10189 0.0346197
Chain
	Aln	0	+SRR11577127.869 11 15285 15307 +edge_1_0_+disjointig_1_0_38795 11452 27222 38795 -1 -1 11268 0.050047
Chain
	Aln	1	-SRR11577127.869 21 15295 15307 -edge_1_0_+disjointig_1_0_38795 11572 27342 38795 -1 -1 11268 0.050047
Chain
	Aln	0	+SRR11577129.4066 23 9354 9373 +edge_1_0_+disjointig_1_0_38795 23052 32318 38795 -1 -1 7555 0.0415154
Chain
	Aln	1	-SRR11577129.4066 18 9349 9373 -edge_1_0_+disjointig_1_0_38795 6476 15742 38795 -1 -1 7555 0.0415154
Chain
	Aln	1	+SRR11577125.834 18 9699 11779 -edge_1_0_+disjointig_1_0_38795 14398 23895 38795 -1 -1 7373 0.0443107
Chain
	Aln	0	-SRR11577125.834 2079 11760 11779 +edge_1_0_+disjointig_1_0_38795 14899 24396 38795 -1 -1 7373 0.0443107
Chain
	Aln	1	+SRR11577129.1807 6 19834 19838 -edge_1_0_+disjointig_1_0_38795 8718 28169 38795 -1 -1 16444 0.0355275
Chain
	Aln	0	-SRR11577129.1807 3 19831 19838 +edge_1_0_+disjointig_1_0_38795 10625 30076 38795 -1 -1 16444 0.0355275
Chain
	Aln	0	+SRR11577125.6586 1 26312 26323 +edge_1_0_+disjointig_1_0_38795 1 25337 38795 -1 -1 20939 0.026426
Chain
	Aln	1	-SRR11577125.6586 10 26321 26323 -edge_1_0_+disjointig_1_0_38795 13457 38793 38795 -1 -1 20939 0.026426
